64 64 100
35 39 31 99 3 26 40 58 49 34 40 3 63 32 83 73 63 16 44 96 23 73 14 74 21 88 44 7 56 80 36 32 11 66 76 67 12 97 1 85 72 24 15 6 77 84 90 84 77 42 25 42 3 5 57 46 94 15 39 29 31 78 66 32
90 30 70 26 68 83 24 57 62 59 76 1 96 72 24 83 43 16 40 56 10 48 94 70 46 20 43 62 92 28 55 21 69 16 85 63 83 49 13 15 35 29 65 45 92 6 60 58 59 24 30 44 69 1 18 86 59 68 84 53 14 18 87 84
74 53 56 93 63 26 64 92 79 91 27 87 40 81 6 44 86 32 14 42 100 95 84 20 2 25 41 11 65 80 93 96 30 24 13 8 38 48 47 60 70 36 38 13 71 9 54 43 51 56 85 0 83 54 25 89 85 92 58 100 13 39 2 30
41 13 28 10 74 27 17 34 91 24 23 39 98 32 0 36 100 50 52 98 4 8 16 88 66 48 17 69 52 77 25 91 38 67 20 52 76 87 72 80 91 38 27 50 41 31 95 51 8 35 4 43 37 10 75 90 90 29 6 20 83 9 86 66
87 55 47 30 59 82 78 60 88 79 0 61 52 63 64 25 77 70 68 81 79 78 42 72 81 15 97 15 58 21 94 73 14 96 19 76 9 7 4 61 73 44 48 89 2 60 13 86 74 98 6 3 50 57 96 19 64 22 80 81 76 41 96 20
74 4 75 84 56 52 58 42 6 76 88 85 92 43 98 6 6 46 70 82 60 99 6 3 15 1 90 74 13 69 96 58 29 54 51 77 69 29 68 85 39 38 30 89 97 100 61 43 12 65 14 12 47 20 83 38 38 16 97 59 80 17 77 12
45 56 96 14 89 11 52 57 27 48 65 82 31 62 32 27 19 24 88 25 48 74 4 50 74 43 18 99 43 99 55 25 95 84 89 60 11 18 59 30 42 67 1 21 64 34 37 8 85 44 4 54 99 36 17 56 66 16 49 32 27 47 97 93
36 29 83 12 30 89 74 27 6 31 68 85 39 23 91 0 90 96 46 66 21 14 1 71 63 20 25 97 84 54 2 76 75 95 93 31 30 28 84 77 69 54 100 36 47 25 23 87 92 2 91 59 20 59 37 7 9 42 77 66 95 83 11 58
60 90 74 37 88 97 62 70 81 26 81 63 36 77 72 4 75 37 56 11 44 29 3 70 96 57 69 14 11 32 14 73 13 26 30 72 0 19 3 4 68 23 47 28 74 72 8 41 6 24 41 24 66 51 19 97 56 37 44 79 67 9 67 18
35 45 91 90 19 17 41 3 32 51 35 0 76 78 4 77 15 87 94 80 95 68 54 40 90 0 28 59 79 37 36 100 52 11 36 37 39 80 83 52 37 60 57 82 69 23 8 0 63 46 98 42 7 75 84 76 42 25 82 99 84 61 40 60
44 47 49 27 47 22 1 30 23 53 23 42 56 80 78 0 33 31 72 12 69 13 4 54 61 61 17 29 40 0 27 31 47 57 41 73 11 40 16 57 45 55 61 22 2 30 58 59 89 15 58 76 33 16 66 30 83 85 6 0 25 58 50 61
53 88 43 17 76 81 91 75 83 52 39 47 96 7 96 32 55 4 50 74 91 26 70 39 8 14 84 15 15 84 76 66 21 75 24 43 29 38 54 33 53 7 78 27 92 82 80 46 81 66 37 60 56 23 4 71 60 25 58 29 21 40 92 61
14 99 24 31 24 42 73 37 21 47 57 12 36 12 46 89 49 19 72 19 24 28 97 98 64 24 95 94 31 21 13 81 61 88 58 58 55 75 75 28 53 60 11 29 0 61 25 32 65 82 42 7 59 76 76 95 76 89 96 90 77 50 48 2
82 53 3 74 54 43 72 67 2 60 27 54 12 88 93 26 93 80 100 8 33 90 8 25 56 7 11 41 60 11 1 98 72 24 78 62 83 89 12 29 77 32 56 64 60 13 37 51 68 74 52 10 74 14 18 1 57 26 2 66 8 34 58 15
14 3 36 57 31 49 44 10 91 44 69 3 13 86 94 60 56 2 16 58 3 69 77 28 66 75 97 31 58 5 94 1 61 98 61 24 57 83 60 35 22 43 26 40 86 75 50 74 1 38 30 51 95 48 10 83 17 19 45 41 65 65 59 12
84 7 64 65 31 28 89 59 47 57 29 65 75 49 22 24 97 22 71 85 10 89 9 48 39 9 19 6 8 83 26 81 39 20 90 11 36 95 41 35 46 41 33 2 85 5 15 14 66 55 12 62 63 32 32 100 42 85 14 72 95 83 52 3
91 25 88 84 3 58 65 97 59 87 69 41 26 44 50 12 18 43 50 78 60 64 93 33 50 60 58 58 99 45 2 44 4 44 79 97 27 6 60 93 61 34 9 69 28 93 37 37 58 94 31 75 27 90 54 97 25 92 51 19 12 61 25 72
72 89 62 31 37 10 100 53 41 83 71 16 70 2 43 26 4 72 20 92 44 72 1 44 23 39 10 2 13 90 7 69 77 50 76 39 9 78 79 69 65 84 47 20 100 41 96 42 76 17 79 44 44 65 34 23 42 41 31 41 30 36 100 15
2 4 12 10 17 5 75 17 28 10 8 37 41 86 82 27 78 43 99 2 57 20 25 47 66 68 8 13 65 99 48 0 13 32 50 18 86 55 37 65 9 50 44 36 34 60 95 85 38 42 82 70 64 80 81 12 53 95 7 31 39 5 16 4
71 33 60 44 31 69 89 18 94 41 31 13 65 42 98 79 28 89 99 90 41 37 46 63 54 16 87 80 60 40 10 51 81 14 33 93 32 42 46 66 21 27 44 38 85 29 34 52 99 92 41 14 80 52 35 49 18 29 4 53 7 89 91 17
63 96 72 19 69 100 90 60 9 31 4 46 85 50 22 73 97 81 17 11 82 100 35 85 24 19 96 11 37 1 38 32 7 14 97 56 25 90 36 0 50 99 24 4 17 7 15 44 98 13 38 18 90 54 64 55 95 58 44 86 39 85 34 83
65 57 1 95 67 91 53 44 63 25 42 93 16 99 65 90 100 43 76 78 47 78 48 50 67 20 42 39 88 20 26 98 50 80 26 14 53 61 25 75 55 48 32 32 79 18 25 9 9 21 16 46 10 51 87 40 9 49 96 74 85 2 18 34
26 10 21 82 76 28 56 58 10 93 45 61 31 41 57 24 49 99 71 8 57 36 71 18 43 4 50 16 23 70 60 13 100 89 19 85 78 19 66 79 28 16 92 44 75 1 80 64 95 34 73 3 98 16 72 68 40 15 92 49 21 98 71 85
83 12 23 96 33 1 15 3 47 13 40 27 99 58 3 9 29 8 77 97 17 65 71 4 77 17 92 7 10 47 55 84 89 51 56 96 27 78 14 25 86 78 5 29 23 69 12 55 11 83 58 22 64 68 14 63 78 51 35 93 62 72 80 36
0 14 20 30 52 87 91 31 65 57 68 18 46 4 17 67 9 48 62 47 49 66 99 40 65 25 20 98 15 61 97 3 82 78 49 71 70 65 51 69 95 26 100 89 40 84 62 4 11 82 89 74 61 11 33 19 63 31 49 8 61 64 25 23
84 37 67 85 24 93 76 31 43 89 97 71 6 78 45 35 5 27 78 22 86 42 55 50 70 74 81 71 19 85 91 89 49 72 51 71 23 51 100 76 94 3 2 38 13 6 83 100 52 56 52 85 68 87 53 19 31 11 46 48 82 7 73 74
74 2 20 95 53 19 78 25 87 56 43 57 47 93 31 84 85 94 10 72 88 18 40 78 34 77 93 13 81 98 64 45 74 34 62 84 20 16 24 74 53 15 15 20 60 88 74 68 65 43 41 39 84 97 94 65 62 69 63 56 76 41 93 13
19 50 82 56 83 70 54 73 33 90 50 25 84 89 15 7 85 97 43 43 69 94 57 67 51 27 31 12 24 21 45 80 36 11 5 58 95 49 61 67 19 6 67 58 35 64 85 85 39 59 84 58 89 92 87 92 45 2 84 67 82 63 23 56
44 95 69 83 53 81 8 65 32 54 23 9 9 51 82 100 47 56 80 87 55 66 56 65 63 87 45 72 34 98 70 22 22 63 44 49 32 32 30 87 53 23 36 23 99 5 78 0 28 34 16 33 72 40 16 24 82 86 40 33 33 37 68 0
2 74 42 87 20 57 84 83 78 96 17 54 30 78 97 43 70 16 46 8 41 67 1 19 8 42 60 81 76 65 27 2 13 14 92 13 8 53 30 11 70 11 36 55 32 76 32 89 15 66 11 27 92 89 36 19 91 36 46 93 65 94 13 76
93 95 49 40 33 92 18 19 96 85 95 96 53 47 78 78 4 22 71 77 0 97 91 69 69 19 16 18 76 56 94 5 78 96 76 17 99 23 40 78 64 70 30 25 15 80 72 74 38 3 65 18 81 22 79 30 71 89 12 27 73 28 11 22
93 16 74 21 51 14 77 16 88 48 100 79 52 36 43 40 74 53 46 17 90 29 6 77 73 92 72 39 17 39 62 14 88 90 16 26 74 52 42 43 1 36 4 98 21 85 50 56 21 19 3 48 70 18 43 57 1 26 12 19 71 63 25 47
32 44 60 84 97 37 85 14 94 4 27 4 37 94 84 72 13 17 61 20 95 38 78 6 62 19 57 75 5 62 31 93 62 15 77 23 72 27 88 66 71 49 98 30 35 18 66 12 87 93 80 50 4 71 7 100 68 80 16 12 2 38 49 88
77 97 4 73 52 61 37 48 79 12 90 43 1 90 16 78 75 5 80 90 70 45 44 33 56 36 15 33 15 70 100 44 6 37 79 5 23 77 66 36 62 53 18 25 0 6 72 42 87 22 79 60 64 100 51 90 12 60 8 17 98 49 63 30
63 85 70 30 97 51 32 47 20 66 32 64 60 82 53 70 77 99 42 75 88 53 32 66 66 29 4 98 77 69 65 1 84 81 97 25 40 58 84 68 99 1 14 91 31 62 14 96 19 15 5 100 15 33 53 39 24 45 29 14 69 73 42 5
80 97 21 2 96 4 44 27 52 32 7 6 44 31 68 97 6 50 99 23 26 79 92 92 3 26 47 53 17 47 63 97 97 0 58 28 46 78 44 82 75 94 83 9 22 59 56 61 43 92 25 88 50 44 46 42 51 71 58 25 62 71 62 31
43 27 80 97 53 52 15 34 99 4 80 91 67 66 10 58 22 40 12 70 72 10 58 29 41 39 64 12 66 91 27 6 18 14 88 54 13 15 47 9 82 73 46 41 39 55 49 98 33 68 9 36 25 74 36 10 54 29 68 17 43 21 28 37
35 33 87 78 41 74 58 23 8 19 84 4 47 77 96 34 42 76 12 18 37 32 25 8 51 49 36 83 44 90 77 87 63 79 75 38 34 31 47 60 59 45 17 41 24 61 87 94 83 41 35 58 59 70 28 86 53 35 73 67 78 42 75 93
23 24 6 56 47 25 68 21 47 96 48 79 13 76 12 57 74 12 41 2 45 29 93 3 6 14 9 39 87 29 66 36 76 44 15 12 63 68 18 38 80 5 10 89 63 0 76 21 51 15 74 66 29 24 74 94 98 21 42 6 7 57 20 38
78 84 79 90 74 79 13 51 2 81 15 56 40 58 98 6 30 79 0 81 43 86 91 53 90 35 94 54 25 47 21 20 86 35 66 7 10 45 13 69 100 3 63 23 56 13 80 47 23 71 15 2 21 68 10 72 79 90 53 72 73 39 93 83
74 45 36 92 66 23 5 72 29 66 100 95 9 14 80 100 80 61 62 93 22 25 64 8 24 63 10 17 81 58 39 96 39 27 42 28 78 12 88 44 89 15 21 37 39 10 1 67 51 16 93 23 41 58 59 96 46 29 93 97 33 75 41 30
70 55 84 22 87 78 2 20 93 46 48 50 38 42 70 73 17 39 40 1 18 79 62 14 39 32 79 99 85 86 34 9 56 54 1 68 65 50 78 18 88 67 1 65 99 17 93 68 20 27 61 62 85 46 96 27 33 32 40 50 74 97 25 86
53 3 83 98 44 100 10 52 47 29 98 85 34 54 22 22 98 48 77 3 36 51 98 35 53 80 23 31 77 100 83 59 0 100 62 43 85 2 39 72 14 40 7 62 60 56 44 99 92 6 60 72 86 82 20 8 40 71 67 61 46 29 71 41
16 47 0 63 31 57 84 44 5 84 4 40 75 77 18 79 29 90 76 23 55 87 74 13 99 68 17 26 22 52 18 73 51 84 81 8 80 63 22 35 61 28 3 75 78 83 79 73 82 49 74 36 81 16 35 55 46 98 69 41 55 76 75 71
29 80 42 37 37 87 23 25 63 92 97 49 25 63 100 41 22 42 80 60 28 70 92 0 15 2 61 66 42 74 47 17 80 87 10 45 88 88 56 7 84 54 12 23 100 77 93 4 24 1 47 77 60 75 37 66 54 48 19 7 63 95 16 65
17 43 40 93 64 7 30 9 68 69 30 15 3 26 35 85 90 56 80 5 74 26 31 3 78 53 7 57 43 88 33 39 69 74 8 61 89 45 36 10 56 34 82 34 23 65 92 51 72 69 96 41 22 41 29 97 23 64 69 16 69 83 79 38
23 41 41 45 5 68 7 16 52 18 7 6 78 49 51 45 83 89 66 13 63 50 81 90 32 4 87 85 15 42 17 72 82 93 88 47 1 92 48 16 43 97 77 44 8 27 83 60 85 74 17 32 71 59 91 5 14 74 61 74 60 29 90 8
69 56 36 29 68 55 71 41 8 32 14 59 88 28 50 0 89 34 26 37 93 84 49 66 26 91 97 98 63 54 54 91 41 85 29 96 49 2 92 93 83 92 85 7 29 14 62 65 17 61 83 28 52 27 8 37 48 52 56 94 39 19 65 78
19 63 65 44 74 68 76 87 99 69 87 61 12 63 0 14 78 33 48 35 24 46 22 38 74 72 3 74 81 77 5 71 68 69 18 55 20 94 27 90 89 4 96 90 77 26 33 0 9 92 85 4 100 88 73 30 63 73 3 65 75 28 78 24
86 89 32 48 95 66 86 28 19 19 33 33 12 88 5 74 98 12 81 97 38 70 40 67 92 73 18 100 96 76 100 41 24 56 70 3 43 48 87 95 39 78 92 49 44 39 38 59 74 82 38 100 13 11 28 62 89 37 6 78 6 88 13 85
64 84 6 0 58 88 78 46 74 7 86 57 19 80 42 76 100 3 66 28 14 70 77 11 20 23 64 51 21 35 43 56 46 42 22 55 89 52 14 31 57 100 55 12 55 6 2 99 90 23 9 95 54 97 50 92 38 28 50 57 56 46 61 34
40 59 50 94 55 19 80 30 97 74 54 59 59 28 42 75 50 62 1 7 47 18 80 97 2 47 86 6 10 38 69 36 56 58 55 3 3 25 81 98 62 7 21 98 76 51 44 54 79 88 79 50 94 4 24 72 62 91 12 36 53 19 37 49
74 17 3 49 44 95 88 84 44 56 72 97 27 78 64 33 31 22 2 72 57 34 90 55 17 0 44 24 22 98 89 4 70 17 27 13 30 30 68 28 42 88 25 73 50 48 44 71 39 36 73 51 53 77 4 41 32 25 50 49 29 13 3 61
87 28 77 21 95 18 79 70 5 1 72 89 67 80 46 55 95 28 5 90 84 72 58 28 80 30 12 32 69 69 48 77 37 25 82 77 15 42 35 32 98 68 96 13 95 18 20 57 68 5 14 65 7 97 33 98 71 30 47 84 49 0 26 96
13 70 97 16 93 65 52 70 31 18 52 56 81 67 43 87 97 48 37 10 24 41 77 46 26 97 75 2 76 17 32 3 95 17 64 61 19 7 74 38 85 78 82 48 47 5 61 81 55 5 20 48 75 26 22 54 16 57 15 63 53 77 62 12
93 12 57 19 19 15 4 61 26 99 24 87 47 33 86 68 28 44 94 49 61 19 4 86 82 78 84 72 31 55 8 92 23 26 64 38 99 89 17 100 1 22 52 62 80 6 28 30 39 69 21 68 72 67 46 96 91 63 41 50 65 34 60 33
58 25 95 32 47 60 51 60 54 14 44 26 70 17 71 83 40 54 46 68 2 34 95 2 61 70 38 75 20 91 1 49 16 37 3 3 13 22 80 67 55 6 80 52 65 22 61 84 61 19 42 78 53 17 65 92 48 10 35 29 82 78 72 40
100 4 44 27 100 97 63 93 65 34 8 95 75 25 38 48 50 86 85 99 27 62 19 33 48 26 29 13 54 5 75 24 13 27 30 33 50 94 72 61 66 38 51 63 3 10 59 1 94 92 18 97 40 22 58 81 53 81 61 57 63 34 96 5
74 33 89 8 89 54 9 50 98 40 44 45 87 85 51 19 36 19 53 74 19 27 23 46 29 77 88 49 17 26 54 44 90 77 52 6 43 61 81 87 72 73 73 67 40 99 61 80 2 73 100 82 13 4 75 20 67 47 11 64 54 7 36 37
44 39 48 94 86 72 95 41 94 40 48 84 81 5 26 89 23 98 62 30 71 24 92 46 35 81 40 90 26 13 98 53 57 16 16 18 74 47 25 35 66 44 17 71 44 63 60 19 54 5 35 61 28 41 5 67 76 84 18 59 72 18 86 36
59 59 97 72 37 0 14 82 19 69 95 1 93 43 47 29 62 1 84 5 90 75 8 21 6 80 83 29 89 96 40 89 56 27 95 47 77 13 9 64 11 3 52 94 46 6 52 1 78 12 13 22 48 4 62 44 82 62 36 97 97 47 93 27
50 2 51 100 1 84 70 14 20 11 23 91 51 40 61 52 64 61 69 31 21 73 58 85 66 78 100 37 70 69 96 14 9 1 46 35 25 85 26 57 10 29 81 64 42 45 85 37 42 42 50 77 78 83 84 13 65 21 94 72 77 59 49 96
16 51 38 93 42 76 81 71 38 38 81 38 77 61 30 21 73 7 96 37 46 53 22 8 48 30 21 30 67 67 81 42 21 90 79 38 48 77 58 70 57 63 22 5 70 9 4 97 16 3 75 79 75 20 12 57 92 31 73 47 49 89 47 70
26 60 11 45 51 22 11 91 79 91 1 85 93 11 49 71 3 25 19 13 21 29 49 18 97 19 58 88 26 47 37 27 76 69 1 31 9 97 21 24 8 70 2 97 9 94 42 27 6 87 100 30 66 20 3 57 1 26 47 95 53 13 30 61
